255 255 255 255 255 255 255 255 255 255 255 255 255 255 255 255
255 255 255 255 255 255 255 255 255 255 255 255 255 255 255 255
255 255 255 255 255 255 255 255 255 255 255 255 255 255 255 255
255 255 255 255 255 255 255 255 255 255 255 255 255 255 255 255
255 255 255 107 107 107 255 255 255 255 255 255 255 255 255 255
255 255 255 255 116 255 255 255 255 247 255 255 255 255 255 255
255 255 255 255 115 255 254 255 255 107 255 255 255 255 255 255
255 255 255 255 255 255 255 255 255 255 255 255 255 255 255 255
255 255 255 255 255 255 255 255 134 255 134 252 255 253 255 255
255 255 255 255 255 255 255 249 248 255 247 134 255 253 255 255
255 255 255 255 255 255 134 255 255 255 134 255 255 253 255 255
255 255 255 255 255 255 255 255 134 134 255 134 255 255 255 255
255 255 255 255 255 255 255 255 255 255 255 255 255 255 255 255
255 255 255 255 255 255 255 255 255 255 255 255 255 255 255 255
255 255 255 255 255 255 255 255 255 255 255 255 255 255 255 255
255 255 255 255 255 255 255 255 255 255 255 255 255 255 255 255
255 255 255 255 255 255 255 255 255 255 255 255 255 255 255 255
255 255 255 255 255 255 255 255 255 255 255 255 255 255 255 255
255 255 255 255 255 255 255 255 255 255 255 255 255 255 255 255
255 255 255 255 255 255 255 255 255 255 255 255 255 255 255 255
255 255 255  99  99  99 255 255 255 255 255 255 255 255 255 255
255 255 255 255 107 255 255 255 255 246 255 255 255 255 255 255
255 255 255 255 107 255 254 255 255  99 255 255 255 255 255 255
255 255 255 255 255 255 255 255 255 255 255 255 255 255 255 255
255 255 255 255 255 255 255 255   0 255   0 248 255 253 255 255
255 255 255 255 255 255 255 241 241 255 236   0 255 253 255 255
255 255 255 255 255 255   0 255 255 255   0 255 255 253 255 255
255 255 255 255 255 255 255 255   0   0 255   0 255 255 255 255
255 255 255 255 255 255 255 255 255 255 255 255 255 255 255 255
255 255 255 255 255 255 255 255 255 255 255 255 255 255 255 255
255 255 255 255 255 255 255 255 255 255 255 255 255 255 255 255
255 255 255 255 255 255 255 255 255 255 255 255 255 255 255 255
255 255 255 255 255 255 255 255 255 255 255 255 255 255 255 255
255 255 255 255 255 255 255 255 255 255 255 255 255 255 255 255
255 255 255 255 255 255 255 255 255 255 255 255 255 255 255 255
255 255 255 255 255 255 255 255 255 255 255 255 255 255 255 255
255 255 255  91  91  91 255 255 255 255 255 255 255 255 255 255
255 255 255 255 100 255 255 255 255 246 255 255 255 255 255 255
255 255 255 255 100 255 254 255 255  91 255 255 255 255 255 255
255 255 255 255 255 255 255 255 255 255 255 255 255 255 255 255
255 255 255 255 255 255 255 255 237 255 237 245 255 253 255 255
255 255 255 255 255 255 255 245 253 255 245 237 255 253 255 255
255 255 255 255 255 255 237 255 255 255 237 255 255 253 255 255
255 255 255 255 255 255 255 255 237 237 255 237 255 255 255 255
255 255 255 255 255 255 255 255 255 255 255 255 255 255 255 255
255 255 255 255 255 255 255 255 255 255 255 255 255 255 255 255
255 255 255 255 255 255 255 255 255 255 255 255 255 255 255 255
255 255 255 255 255 255 255 255 255 255 255 255 255 255 255 255

255 255 255 255 255 255 255 255 255 255 255 255 255 255 255 255
255 255 255 255 255 255 255 255 255 255 255 255 255 255 255 255
255 255 255 255 255 255 255 255 253 253 253 255 255 255 255 255
255 255 255 255 255 255 255 255 255 255 255 255 255 255 255 255
255 255 255 255 255 255 255 255 252 134 255 134 255 255 255 255
255 255 255 255 255 255 255 255 134 247 134 255 255 255 255 255
255 255 255 255 255 247 107 255 255 255 255 134 255 255 255 255
255 255 255 255 255 255 255 255 134 248 255 134 255 255 255 255
255 255 255 255 255 255 255 255 255 249 255 255 255 255 255 255
255 255 255 255 255 255 254 255 255 255 134 255 255 255 255 255
255 255 255 255 107 255 255 255 255 255 255 255 255 255 255 255
255 255 255 255 107 116 115 255 255 255 255 255 255 255 255 255
255 255 255 255 107 255 255 255 255 255 255 255 255 255 255 255
255 255 255 255 255 255 255 255 255 255 255 255 255 255 255 255
255 255 255 255 255 255 255 255 255 255 255 255 255 255 255 255
255 255 255 255 255 255 255 255 255 255 255 255 255 255 255 255
255 255 255 255 255 255 255 255 255 255 255 255 255 255 255 255
255 255 255 255 255 255 255 255 255 255 255 255 255 255 255 255
255 255 255 255 255 255 255 255 253 253 253 255 255 255 255 255
255 255 255 255 255 255 255 255 255 255 255 255 255 255 255 255
255 255 255 255 255 255 255 255 248   0 255   0 255 255 255 255
255 255 255 255 255 255 255 255   0 236   0 255 255 255 255 255
255 255 255 255 255 246  99 255 255 255 255   0 255 255 255 255
255 255 255 255 255 255 255 255   0 241 255   0 255 255 255 255
255 255 255 255 255 255 255 255 255 241 255 255 255 255 255 255
255 255 255 255 255 255 254 255 255 255   0 255 255 255 255 255
255 255 255 255  99 255 255 255 255 255 255 255 255 255 255 255
255 255 255 255  99 107 107 255 255 255 255 255 255 255 255 255
255 255 255 255  99 255 255 255 255 255 255 255 255 255 255 255
255 255 255 255 255 255 255 255 255 255 255 255 255 255 255 255
255 255 255 255 255 255 255 255 255 255 255 255 255 255 255 255
255 255 255 255 255 255 255 255 255 255 255 255 255 255 255 255
255 255 255 255 255 255 255 255 255 255 255 255 255 255 255 255
255 255 255 255 255 255 255 255 255 255 255 255 255 255 255 255
255 255 255 255 255 255 255 255 253 253 253 255 255 255 255 255
255 255 255 255 255 255 255 255 255 255 255 255 255 255 255 255
255 255 255 255 255 255 255 255 245 237 255 237 255 255 255 255
255 255 255 255 255 255 255 255 237 245 237 255 255 255 255 255
255 255 255 255 255 246  91 255 255 255 255 237 255 255 255 255
255 255 255 255 255 255 255 255 237 253 255 237 255 255 255 255
255 255 255 255 255 255 255 255 255 245 255 255 255 255 255 255
255 255 255 255 255 255 254 255 255 255 237 255 255 255 255 255
255 255 255 255  91 255 255 255 255 255 255 255 255 255 255 255
255 255 255 255  91 100 100 255 255 255 255 255 255 255 255 255
255 255 255 255  91 255 255 255 255 255 255 255 255 255 255 255
255 255 255 255 255 255 255 255 255 255 255 255 255 255 255 255
255 255 255 255 255 255 255 255 255 255 255 255 255 255 255 255
255 255 255 255 255 255 255 255 255 255 255 255 255 255 255 255

255 255 255 255 255 255 255 255 255 255 255 255 255 255 255 255
255 255 255 255 255 255 255 255 255 255 255 255 255 255 255 255
255 255 255 255 255 255 255 255 255 255 255 255 255 255 255 255
255 255 255 255 255 255 255 255 255 255 255 255 255 255 255 255
255 255 255 255 134 255 134 134 255 255 255 255 255 255 255 255
255 255 253 255 255 134 255 255 255 134 255 255 255 255 255 255
255 255 253 255 134 247 255 248 249 255 255 255 255 255 255 255
255 255 253 255 252 134 255 134 255 255 255 255 255 255 255 255
255 255 255 255 255 255 255 255 255 255 255 255 255 255 255 255
255 255 255 255 255 255 107 255 255 254 255 115 255 255 255 255
255 255 255 255 255 255 247 255 255 255 255 116 255 255 255 255
255 255 255 255 255 255 255 255 255 255 107 107 107 255 255 255
255 255 255 255 255 255 255 255 255 255 255 255 255 255 255 255
255 255 255 255 255 255 255 255 255 255 255 255 255 255 255 255
255 255 255 255 255 255 255 255 255 255 255 255 255 255 255 255
255 255 255 255 255 255 255 255 255 255 255 255 255 255 255 255
255 255 255 255 255 255 255 255 255 255 255 255 255 255 255 255
255 255 255 255 255 255 255 255 255 255 255 255 255 255 255 255
255 255 255 255 255 255 255 255 255 255 255 255 255 255 255 255
255 255 255 255 255 255 255 255 255 255 255 255 255 255 255 255
255 255 255 255   0 255   0   0 255 255 255 255 255 255 255 255
255 255 253 255 255   0 255 255 255   0 255 255 255 255 255 255
255 255 253 255   0 236 255 241 241 255 255 255 255 255 255 255
255 255 253 255 248   0 255   0 255 255 255 255 255 255 255 255
255 255 255 255 255 255 255 255 255 255 255 255 255 255 255 255
255 255 255 255 255 255  99 255 255 254 255 107 255 255 255 255
255 255 255 255 255 255 246 255 255 255 255 107 255 255 255 255
255 255 255 255 255 255 255 255 255 255  99  99  99 255 255 255
255 255 255 255 255 255 255 255 255 255 255 255 255 255 255 255
255 255 255 255 255 255 255 255 255 255 255 255 255 255 255 255
255 255 255 255 255 255 255 255 255 255 255 255 255 255 255 255
255 255 255 255 255 255 255 255 255 255 255 255 255 255 255 255
255 255 255 255 255 255 255 255 255 255 255 255 255 255 255 255
255 255 255 255 255 255 255 255 255 255 255 255 255 255 255 255
255 255 255 255 255 255 255 255 255 255 255 255 255 255 255 255
255 255 255 255 255 255 255 255 255 255 255 255 255 255 255 255
255 255 255 255 237 255 237 237 255 255 255 255 255 255 255 255
255 255 253 255 255 237 255 255 255 237 255 255 255 255 255 255
255 255 253 255 237 245 255 253 245 255 255 255 255 255 255 255
255 255 253 255 245 237 255 237 255 255 255 255 255 255 255 255
255 255 255 255 255 255 255 255 255 255 255 255 255 255 255 255
255 255 255 255 255 255  91 255 255 254 255 100 255 255 255 255
255 255 255 255 255 255 246 255 255 255 255 100 255 255 255 255
255 255 255 255 255 255 255 255 255 255  91  91  91 255 255 255
255 255 255 255 255 255 255 255 255 255 255 255 255 255 255 255
255 255 255 255 255 255 255 255 255 255 255 255 255 255 255 255
255 255 255 255 255 255 255 255 255 255 255 255 255 255 255 255
255 255 255 255 255 255 255 255 255 255 255 255 255 255 255 255

255 255 255 255 255 255 255 255 255 255 255 255 255 255 255 255
255 255 255 255 255 255 255 255 255 255 255 255 255 255 255 255
255 255 255 255 255 255 255 255 255 255 255 255 255 255 255 255
255 255 255 255 255 255 255 255 255 255 255 107 255 255 255 255
255 255 255 255 255 255 255 255 255 115 116 107 255 255 255 255
255 255 255 255 255 255 255 255 255 255 255 107 255 255 255 255
255 255 255 255 255 134 255 255 255 254 255 255 255 255 255 255
255 255 255 255 255 255 249 255 255 255 255 255 255 255 255 255
255 255 255 255 134 255 248 134 255 255 255 255 255 255 255 255
255 255 255 255 134 255 255 255 255 107 247 255 255 255 255 255
255 255 255 255 255 134 247 134 255 255 255 255 255 255 255 255
255 255 255 255 134 255 134 252 255 255 255 255 255 255 255 255
255 255 255 255 255 255 255 255 255 255 255 255 255 255 255 255
255 255 255 255 255 253 253 253 255 255 255 255 255 255 255 255
255 255 255 255 255 255 255 255 255 255 255 255 255 255 255 255
255 255 255 255 255 255 255 255 255 255 255 255 255 255 255 255
255 255 255 255 255 255 255 255 255 255 255 255 255 255 255 255
255 255 255 255 255 255 255 255 255 255 255 255 255 255 255 255
255 255 255 255 255 255 255 255 255 255 255 255 255 255 255 255
255 255 255 255 255 255 255 255 255 255 255  99 255 255 255 255
255 255 255 255 255 255 255 255 255 107 107  99 255 255 255 255
255 255 255 255 255 255 255 255 255 255 255  99 255 255 255 255
255 255 255 255 255   0 255 255 255 254 255 255 255 255 255 255
255 255 255 255 255 255 241 255 255 255 255 255 255 255 255 255
255 255 255 255   0 255 241   0 255 255 255 255 255 255 255 255
255 255 255 255   0 255 255 255 255  99 246 255 255 255 255 255
255 255 255 255 255   0 236   0 255 255 255 255 255 255 255 255
255 255 255 255   0 255   0 248 255 255 255 255 255 255 255 255
255 255 255 255 255 255 255 255 255 255 255 255 255 255 255 255
255 255 255 255 255 253 253 253 255 255 255 255 255 255 255 255
255 255 255 255 255 255 255 255 255 255 255 255 255 255 255 255
255 255 255 255 255 255 255 255 255 255 255 255 255 255 255 255
255 255 255 255 255 255 255 255 255 255 255 255 255 255 255 255
255 255 255 255 255 255 255 255 255 255 255 255 255 255 255 255
255 255 255 255 255 255 255 255 255 255 255 255 255 255 255 255
255 255 255 255 255 255 255 255 255 255 255  91 255 255 255 255
255 255 255 255 255 255 255 255 255 100 100  91 255 255 255 255
255 255 255 255 255 255 255 255 255 255 255  91 255 255 255 255
255 255 255 255 255 237 255 255 255 254 255 255 255 255 255 255
255 255 255 255 255 255 245 255 255 255 255 255 255 255 255 255
255 255 255 255 237 255 253 237 255 255 255 255 255 255 255 255
255 255 255 255 237 255 255 255 255  91 246 255 255 255 255 255
255 255 255 255 255 237 245 237 255 255 255 255 255 255 255 255
255 255 255 255 237 255 237 245 255 255 255 255 255 255 255 255
255 255 255 255 255 255 255 255 255 255 255 255 255 255 255 255
255 255 255 255 255 253 253 253 255 255 255 255 255 255 255 255
255 255 255 255 255 255 255 255 255 255 255 255 255 255 255 255
255 255 255 255 255 255 255 255 255 255 255 255 255 255 255 255
